36	25	5
4	16	2				
4	17	2				
5	16	2				
5	17	2				
5	18	2				
12	6	2				
13	6	2				
14	6	2				
13	5	2				
15	15	2				
16	15	2				
16	14	2				
22	6	2				
22	7	2				
22	8	2				
21	6	2				
26	16	2				
26	17	2				
27	19	2				
27	20	2				
27	21	2				
30	6	2				
31	6	2										
3	20	3				
3	19	3				
3	18	3				
2	20	3				
2	19	3				
4	27	3				
5	27	3				
5	26	3				
6	26	3				
13	21	3				
13	20	3				
13	19	3				
14	20	3									
16	16	3				
19	23	3				
19	22	3				
20	23	3				
20	22	3				
20	21	3				
23	12	3				
23	11	3				
23	10	3				
24	12	3				
24	11	3				
25	12	3				
25	11	3				
25	10	3				
26	11	3				
27	17	3				
28	17	3				
28	16	3				
28	15	3				
29	16	3	
10	27	4
31	27	4
41	27	4
4	26	4
7	26	4
10	26	4
11	26	4
30	26	4
31	26	4
41	26	4
4	25	4
5	25	4
6	25	4
7	25	4
10	25	4
18	25	4
31	25	4
32	25	4
41	25	4
0	24	4
5	24	4
10	24	4
11	24	4
17	24	4
18	24	4
29	24	4
32	24	4
33	24	4
34	24	4
40	24	4
41	24	4
0	23	4
5	23	4
6	23	4
7	23	4
11	23	4
12	23	4
14	23	4
15	23	4
16	23	4
17	23	4
28	23	4
29	23	4
32	23	4
40	23	4
0	22	4
6	22	4
7	22	4
9	22	4
10	22	4
11	22	4
12	22	4
17	22	4
21	22	4
25	22	4
29	22	4
32	22	4
40	22	4
0	21	4
1	21	4
7	21	4
12	21	4
16	21	4
17	21	4
21	21	4
22	21	4
25	21	4
28	21	4
29	21	4
31	21	4
32	21	4
39	21	4
40	21	4
1	20	4
6	20	4
7	20	4
12	20	4
16	20	4
21	20	4
25	20	4
26	20	4
28	20	4
31	20	4
39	20	4
1	19	4
6	19	4
7	19	4
14	19	4
15	19	4
16	19	4
20	19	4
21	19	4
26	19	4
28	19	4
30	19	4
31	19	4
39	19	4
1	18	4
2	18	4
7	18	4
10	18	4
13	18	4
14	18	4
16	18	4
17	18	4
18	18	4
20	18	4
23	18	4
26	18	4
27	18	4
28	18	4
29	18	4
30	18	4
38	18	4
39	18	4
2	17	4
7	17	4
9	17	4
10	17	4
11	17	4
14	17	4
18	17	4
19	17	4
20	17	4
22	17	4
23	17	4
24	17	4
29	17	4
30	17	4
38	17	4
2	16	4
7	16	4
8	16	4
9	16	4
17	16	4
18	16	4
24	16	4
27	16	4
30	16	4
38	16	4
2	15	4
3	15	4
6	15	4
8	15	4
14	15	4
17	15	4
24	15	4
25	15	4
26	15	4
27	15	4
29	15	4
30	15	4
37	15	4
38	15	4
3	14	4
6	14	4
7	14	4
8	14	4
13	14	4
14	14	4
15	14	4
17	14	4
18	14	4
21	14	4
27	14	4
28	14	4
29	14	4
37	14	4
3	13	4
8	13	4
15	13	4
18	13	4
21	13	4
29	13	4
37	13	4
4	12	4
8	12	4
9	12	4
14	12	4
15	12	4
16	12	4
18	12	4
20	12	4
21	12	4
28	12	4
29	12	4
33	12	4
36	12	4
4	11	4
9	11	4
16	11	4
18	11	4
19	11	4
20	11	4
28	11	4
32	11	4
33	11	4
36	11	4
4	10	4
9	10	4
15	10	4
16	10	4
20	10	4
24	10	4
28	10	4
30	10	4
31	10	4
32	10	4
36	10	4
5	9	4
9	9	4
10	9	4
11	9	4
15	9	4
20	9	4
21	9	4
23	9	4
24	9	4
28	9	4
32	9	4
33	9	4
35	9	4
5	8	4
11	8	4
13	8	4
15	8	4
16	8	4
21	8	4
23	8	4
28	8	4
29	8	4
32	8	4
35	8	4
5	7	4
11	7	4
13	7	4
14	7	4
15	7	4
20	7	4
21	7	4
23	7	4
26	7	4
29	7	4
31	7	4
32	7	4
35	7	4
6	6	4
10	6	4
11	6	4
15	6	4
20	6	4
23	6	4
24	6	4
25	6	4
26	6	4
27	6	4
29	6	4
32	6	4
34	6	4
6	5	4
10	5	4
14	5	4
15	5	4
19	5	4
20	5	4
24	5	4
25	5	4
29	5	4
31	5	4
32	5	4
34	5	4
6	4	4
10	4	4
13	4	4
14	4	4
18	4	4
19	4	4
24	4	4
27	4	4
28	4	4
29	4	4
31	4	4
34	4	4
7	3	4
10	3	4
11	3	4
13	3	4
18	3	4
22	3	4
23	3	4
24	3	4
31	3	4
33	3	4
7	2	4
11	2	4
13	2	4
14	2	4
18	2	4
22	2	4
27	2	4
30	2	4
31	2	4
33	2	4
7	1	4
11	1	4
14	1	4
15	1	4
17	1	4
18	1	4
22	1	4
25	1	4
26	1	4
27	1	4
30	1	4
33	1	4
8	0	4
10	0	4
11	0	4
12	0	4
14	0	4
15	0	4
17	0	4
18	0	4
19	0	4
21	0	4
22	0	4
25	0	4
26	0	4
30	0	4
32	0	4			
